<?xml version="1.0" encoding="utf-8"?>
<COLLADA xmlns="http://www.collada.org/2005/11/COLLADASchema" version="1.4.1">
  <asset><contributor><author></author><authoring_tool>FBX COLLADA exporter</authoring_tool><comments></comments></contributor><created>2017-05-05T05:12:59Z</created><keywords></keywords><modified>2017-05-05T05:12:59Z</modified><revision></revision><subject></subject><title></title><unit meter="0.001000" name="centimeter"></unit><up_axis>Y_UP</up_axis></asset>
  <library_materials>
    <material id="_09 - Default" name="_09 - Default">
      <instance_effect url="#_09 - Default-fx"/>
    </material>
  </library_materials>
  <library_effects>
    <effect id="_09 - Default-fx" name="_09 - Default">
      <profile_COMMON>
        <technique sid="standard">
          <phong>
            <emission>
              <color sid="emission">0.000000  0.000000 0.000000 1.000000</color>
            </emission>
            <ambient>
              <color sid="ambient">0.000000  0.000000 0.000000 1.000000</color>
            </ambient>
            <diffuse>
              <color sid="diffuse">0.203922  0.286275 0.894118 1.000000</color>
            </diffuse>
            <specular>
              <color sid="specular">0.031373  0.031373 0.031373 1.000000</color>
            </specular>
            <shininess>
              <float sid="shininess">362.038666</float>
            </shininess>
            <transparency>
              <float sid="transparency">0.000000</float>
            </transparency>
          </phong>
        </technique>
      </profile_COMMON>
    </effect>
  </library_effects>
  <library_geometries>
    <geometry id="Layer_0-lib" name="Layer_0Mesh">
      <mesh>
        <source id="Layer_0-POSITION">
          <float_array id="Layer_0-POSITION-array" count="225">
-500.000000 -250.000000 -1338.525635
-947.213623 -250.000000 -1114.918823
-0.000000 -250.000000 779.508423
947.213623 -250.000000 -1114.918823
500.000000 -250.000000 -1338.525635
-0.000000 -250.000000 -338.525635
934.734192 -250.000000 -460.036987
1178.789673 -250.000000 -460.036987
1051.825195 -250.000000 -206.108154
807.769775 -250.000000 -206.108154
680.805298 -250.000000 47.820801
924.860840 -250.000000 47.820801
797.896362 -250.000000 301.749634
553.840881 -250.000000 301.749634
426.876434 -250.000000 555.678589
670.931946 -250.000000 555.678589
-0.000000 -250.000000 1897.542603
-670.931946 -250.000000 555.678589
-426.876434 -250.000000 555.678589
-553.840881 -250.000000 301.749634
-797.896362 -250.000000 301.749634
-924.860840 -250.000000 47.820801
-680.805298 -250.000000 47.820801
-807.769775 -250.000000 -206.108154
-1051.825195 -250.000000 -206.108154
-1178.789673 -250.000000 -460.036987
-934.734192 -250.000000 -460.036987
-1061.698608 -250.000000 -713.965820
-1305.754150 -250.000000 -713.965820
-1618.033936 -250.000000 -1338.525635
-500.000000 -250.000000 -1897.542603
-217.215118 -250.000000 -1611.860596
0.000000 -250.000000 -1897.542603
217.215118 -250.000000 -1611.860596
500.000000 -250.000000 -1897.542603
1618.033936 -250.000000 -1338.525635
1305.754150 -250.000000 -713.965820
1061.698608 -250.000000 -713.965820
500.000000 250.000000 -1338.525635
1618.034058 250.000000 -1338.525635
500.000000 250.000000 -1897.542603
217.215118 250.000000 -1611.860596
0.000000 250.000000 -1897.542603
-217.215118 250.000000 -1611.860596
-500.000000 250.000000 -1897.542603
-1618.034058 250.000000 -1338.525635
-500.000000 250.000000 -1338.525635
934.734192 114.266045 -460.036987
1178.789673 114.266045 -460.036987
1051.825195 75.031876 -206.108154
807.769775 75.031876 -206.108154
680.805298 35.797707 47.820801
924.860840 35.797707 47.820801
797.896362 -3.436461 301.749634
553.840881 -3.436461 301.749634
426.876434 -42.670631 555.678589
1305.754150 153.500214 -713.965820
1061.698608 153.500214 -713.965820
-0.000000 95.491501 -338.525635
-0.000000 -77.254250 779.508423
947.213623 215.450851 -1114.918823
-947.213623 215.450851 -1114.918823
-1305.754150 153.500214 -713.965820
-1061.698608 153.500214 -713.965820
-934.734192 114.266045 -460.036987
-1178.789673 114.266045 -460.036987
-1051.825195 75.031876 -206.108154
-807.769775 75.031876 -206.108154
-680.805298 35.797707 47.820801
-924.860840 35.797707 47.820801
-797.896362 -3.436461 301.749634
-553.840881 -3.436461 301.749634
-426.876434 -42.670631 555.678589
-670.931946 -42.670631 555.678589
670.931946 -42.670631 555.678589
</float_array>
          <technique_common>
            <accessor source="#Layer_0-POSITION-array" count="75" stride="3">
              <param name="X" type="float"/>
              <param name="Y" type="float"/>
              <param name="Z" type="float"/>
            </accessor>
          </technique_common>
        </source>
        <source id="Layer_0-Normal0">
          <float_array id="Layer_0-Normal0-array" count="1350">
0.000000 -1.000000 0.000000
0.000000 -1.000000 0.000000
0.000000 -1.000000 0.000000
0.000000 -1.000000 0.000000
0.000000 -1.000000 0.000000
0.000000 -1.000000 0.000000
0.000000 -1.000000 0.000000
0.000000 -1.000000 0.000000
0.000000 -1.000000 0.000000
0.000000 -1.000000 0.000000
0.000000 -1.000000 0.000000
0.000000 -1.000000 0.000000
0.000000 -1.000000 0.000000
0.000000 -1.000000 0.000000
0.000000 -1.000000 0.000000
0.000000 -1.000000 0.000000
0.000000 -1.000000 0.000000
0.000000 -1.000000 0.000000
0.000000 -1.000000 0.000000
0.000000 -1.000000 0.000000
0.000000 -1.000000 0.000000
0.000000 -1.000000 0.000000
0.000000 -1.000000 0.000000
0.000000 -1.000000 0.000000
0.000000 -1.000000 0.000000
0.000000 -1.000000 0.000000
0.000000 -1.000000 0.000000
0.000000 -1.000000 0.000000
0.000000 -1.000000 0.000000
0.000000 -1.000000 0.000000
0.000000 -1.000000 0.000000
0.000000 -1.000000 0.000000
0.000000 -1.000000 0.000000
0.000000 -1.000000 0.000000
0.000000 -1.000000 0.000000
0.000000 -1.000000 0.000000
0.000000 -1.000000 0.000000
0.000000 -1.000000 0.000000
0.000000 -1.000000 0.000000
0.000000 -1.000000 0.000000
0.000000 -1.000000 0.000000
0.000000 -1.000000 0.000000
0.000000 -1.000000 0.000000
0.000000 -1.000000 0.000000
0.000000 -1.000000 0.000000
0.000000 -1.000000 0.000000
0.000000 -1.000000 0.000000
0.000000 -1.000000 0.000000
0.000000 -1.000000 0.000000
0.000000 -1.000000 0.000000
0.000000 -1.000000 0.000000
0.000000 -1.000000 0.000000
0.000000 -1.000000 0.000000
0.000000 -1.000000 0.000000
0.000000 -1.000000 0.000000
0.000000 -1.000000 0.000000
0.000000 -1.000000 0.000000
0.000000 -1.000000 0.000000
0.000000 -1.000000 0.000000
0.000000 -1.000000 0.000000
0.000000 -1.000000 0.000000
0.000000 -1.000000 0.000000
0.000000 -1.000000 0.000000
0.000000 -1.000000 0.000000
0.000000 -1.000000 0.000000
0.000000 -1.000000 0.000000
0.000000 -1.000000 0.000000
0.000000 -1.000000 0.000000
0.000000 -1.000000 0.000000
0.000000 -1.000000 0.000000
0.000000 -1.000000 0.000000
0.000000 -1.000000 0.000000
0.000000 -1.000000 0.000000
0.000000 -1.000000 0.000000
0.000000 -1.000000 0.000000
0.000000 -1.000000 0.000000
0.000000 -1.000000 0.000000
0.000000 -1.000000 0.000000
0.000000 -1.000000 0.000000
0.000000 -1.000000 0.000000
0.000000 -1.000000 0.000000
0.000000 -1.000000 0.000000
0.000000 -1.000000 0.000000
0.000000 -1.000000 0.000000
0.000000 -1.000000 0.000000
0.000000 -1.000000 0.000000
0.000000 -1.000000 0.000000
0.000000 -1.000000 0.000000
0.000000 -1.000000 0.000000
0.000000 -1.000000 0.000000
0.000000 -1.000000 0.000000
0.000000 -1.000000 0.000000
0.000000 -1.000000 0.000000
0.000000 -1.000000 0.000000
0.000000 -1.000000 0.000000
0.000000 -1.000000 0.000000
0.000000 -1.000000 0.000000
0.000000 -1.000000 0.000000
0.000000 -1.000000 0.000000
0.000000 -1.000000 0.000000
0.000000 -1.000000 0.000000
0.000000 -1.000000 0.000000
0.000000 -1.000000 0.000000
0.000000 -1.000000 0.000000
0.000000 -1.000000 0.000000
0.000000 -1.000000 0.000000
0.000000 -1.000000 0.000000
0.000000 -1.000000 0.000000
0.000000 -1.000000 0.000000
0.000000 -1.000000 0.000000
0.000000 -1.000000 0.000000
0.000000 -1.000000 0.000000
0.000000 -1.000000 0.000000
0.000000 -1.000000 0.000000
0.000000 0.994148 0.108024
0.000000 1.000000 0.000000
0.000000 0.998687 0.051236
0.000000 0.998687 0.051236
0.000000 1.000000 0.000000
0.000000 1.000000 0.000000
0.000000 0.998687 0.051236
0.000000 1.000000 0.000000
0.000000 0.998687 0.051236
0.000000 0.998687 0.051236
0.000000 1.000000 0.000000
0.000000 0.994148 0.108024
0.000000 0.994148 0.108024
0.000000 1.000000 0.000000
0.000000 1.000000 0.000000
0.000000 0.994148 0.108024
0.000000 1.000000 0.000000
0.000000 1.000000 0.000000
0.000000 1.000000 0.000000
0.000000 1.000000 0.000000
0.000000 1.000000 0.000000
0.000000 0.000000 -1.000000
0.000000 0.000000 -1.000000
0.000000 0.000000 -1.000000
0.000000 0.000000 -1.000000
0.000000 0.000000 -1.000000
0.000000 0.000000 -1.000000
0.894427 0.000000 0.447214
0.894427 0.000000 0.447214
0.894427 0.000000 0.447214
0.894427 0.000000 0.447214
0.894427 0.000000 0.447214
0.894427 0.000000 0.447214
0.000000 0.000000 1.000000
0.000000 0.000000 1.000000
0.000000 0.000000 1.000000
0.000000 0.000000 1.000000
0.000000 0.000000 1.000000
0.000000 0.000000 1.000000
0.894427 0.000000 0.447214
0.894427 0.000000 0.447214
0.894427 0.000000 0.447214
0.894427 0.000000 0.447214
0.894427 0.000000 0.447214
0.894427 0.000000 0.447214
0.000000 0.000000 -1.000000
0.000000 0.000000 -1.000000
0.000000 0.000000 -1.000000
0.000000 0.000000 -1.000000
0.000000 0.000000 -1.000000
0.000000 0.000000 -1.000000
0.894427 0.000000 0.447214
0.894427 0.000000 0.447214
0.894427 0.000000 0.447214
0.894427 0.000000 0.447214
0.894427 0.000000 0.447214
0.894427 0.000000 0.447214
0.000000 0.000000 1.000000
0.000000 0.000000 1.000000
0.000000 0.000000 1.000000
0.000000 0.000000 1.000000
0.000000 0.000000 1.000000
0.000000 0.000000 1.000000
0.894427 0.000000 0.447214
0.894427 0.000000 0.447213
0.894427 0.000000 0.447214
0.894427 0.000000 0.447214
0.894427 0.000000 0.447213
0.894427 0.000000 0.447214
-0.447214 -0.000000 -0.894427
-0.447214 -0.000000 -0.894427
-0.447214 -0.000000 -0.894427
-0.447214 -0.000000 -0.894427
-0.447214 -0.000000 -0.894427
-0.447214 0.000000 -0.894427
0.710701 0.000000 -0.703494
0.710701 0.000000 -0.703494
0.710701 0.000000 -0.703494
0.710701 0.000000 -0.703494
0.710701 0.000000 -0.703494
0.710701 0.000000 -0.703494
-0.796032 0.000000 -0.605254
-0.796032 0.000000 -0.605254
-0.796032 0.000000 -0.605254
-0.796032 0.000000 -0.605254
-0.796032 0.000000 -0.605254
-0.796032 0.000000 -0.605254
0.796032 0.000000 -0.605254
0.796032 0.000000 -0.605254
0.796032 0.000000 -0.605254
0.796032 0.000000 -0.605254
0.796032 0.000000 -0.605254
0.796032 0.000000 -0.605254
-0.710701 0.000000 -0.703494
-0.710701 0.000000 -0.703494
-0.710701 0.000000 -0.703494
-0.710701 0.000000 -0.703494
-0.710701 0.000000 -0.703494
-0.710701 0.000000 -0.703494
0.447214 0.000000 -0.894427
0.447214 -0.000000 -0.894427
0.447214 -0.000000 -0.894427
0.447214 -0.000000 -0.894427
0.447214 -0.000000 -0.894427
0.447214 -0.000000 -0.894427
0.894427 -0.000000 0.447214
0.894427 -0.000000 0.447214
0.894427 -0.000000 0.447214
0.894427 -0.000000 0.447214
0.894427 -0.000000 0.447214
0.894427 0.000000 0.447214
0.000000 0.000000 1.000000
0.000000 0.000000 1.000000
0.000000 0.000000 1.000000
0.000000 0.000000 1.000000
0.000000 0.000000 1.000000
0.000000 0.000000 1.000000
0.894427 0.000000 0.447214
0.894427 0.000000 0.447214
0.894427 0.000000 0.447214
0.894427 0.000000 0.447214
0.894427 0.000000 0.447214
0.894427 0.000000 0.447214
0.894427 0.000000 0.447214
0.894427 0.000000 0.447214
0.894427 0.000000 0.447214
0.894427 0.000000 0.447214
0.894427 0.000000 0.447214
0.894427 0.000000 0.447214
-0.894427 0.000000 -0.447214
-0.894427 0.000000 -0.447214
-0.894427 0.000000 -0.447214
-0.894427 0.000000 -0.447214
-0.894427 0.000000 -0.447214
-0.894427 0.000000 -0.447214
0.894427 0.000000 -0.447214
0.894427 0.000000 -0.447214
0.894427 0.000000 -0.447214
0.894427 0.000000 -0.447214
0.894427 0.000000 -0.447214
0.894427 0.000000 -0.447214
0.447214 0.000000 0.894427
0.447214 0.000000 0.894427
0.447214 0.000000 0.894427
0.447214 0.000000 0.894427
0.447214 0.000000 0.894427
0.447214 0.000000 0.894427
-0.894427 -0.000000 0.447214
-0.894427 -0.000000 0.447214
-0.894427 -0.000000 0.447214
-0.894427 -0.000000 0.447214
-0.894427 -0.000000 0.447214
-0.894427 0.000000 0.447214
0.000000 0.000000 1.000000
0.000000 0.000000 1.000000
0.000000 0.000000 1.000000
0.000000 0.000000 1.000000
0.000000 0.000000 1.000000
0.000000 0.000000 1.000000
-0.894427 0.000000 0.447214
-0.894427 0.000000 0.447214
-0.894427 0.000000 0.447214
-0.894427 0.000000 0.447214
-0.894427 0.000000 0.447214
-0.894427 0.000000 0.447214
-0.894427 0.000000 0.447214
-0.894427 0.000000 0.447214
-0.894427 0.000000 0.447214
-0.894427 0.000000 0.447214
-0.894427 0.000000 0.447214
-0.894427 0.000000 0.447214
-0.447214 0.000000 0.894427
-0.447214 0.000000 0.894427
-0.447214 0.000000 0.894427
-0.447214 0.000000 0.894427
-0.447214 0.000000 0.894427
-0.447214 0.000000 0.894427
0.000000 0.000000 -1.000000
0.000000 0.000000 -1.000000
0.000000 0.000000 -1.000000
0.000000 0.000000 -1.000000
0.000000 0.000000 -1.000000
0.000000 0.000000 -1.000000
-0.894427 0.000000 0.447214
-0.894427 0.000000 0.447214
-0.894427 0.000000 0.447214
-0.894427 0.000000 0.447214
-0.894427 0.000000 0.447214
-0.894427 0.000000 0.447214
0.000000 0.000000 1.000000
0.000000 0.000000 1.000000
0.000000 0.000000 1.000000
0.000000 0.000000 1.000000
0.000000 0.000000 1.000000
0.000000 0.000000 1.000000
-0.894427 0.000000 0.447214
-0.894427 0.000000 0.447214
-0.894427 0.000000 0.447214
-0.894427 0.000000 0.447214
-0.894427 0.000000 0.447214
-0.894427 0.000000 0.447214
0.000000 0.000000 -1.000000
0.000000 0.000000 -1.000000
0.000000 0.000000 -1.000000
0.000000 0.000000 -1.000000
0.000000 0.000000 -1.000000
0.000000 0.000000 -1.000000
-0.894427 0.000000 0.447214
-0.894427 0.000000 0.447214
-0.894427 0.000000 0.447214
-0.894427 0.000000 0.447214
-0.894427 0.000000 0.447214
-0.894427 0.000000 0.447214
0.000000 0.000000 1.000000
0.000000 0.000000 1.000000
0.000000 0.000000 1.000000
0.000000 0.000000 1.000000
0.000000 0.000000 1.000000
0.000000 0.000000 1.000000
-0.894427 0.000000 0.447214
-0.894427 0.000000 0.447214
-0.894427 0.000000 0.447213
-0.894427 0.000000 0.447213
-0.894427 0.000000 0.447214
-0.894427 0.000000 0.447214
0.000000 0.000000 -1.000000
0.000000 0.000000 -1.000000
0.000000 0.000000 -1.000000
0.000000 0.000000 -1.000000
0.000000 0.000000 -1.000000
0.000000 0.000000 -1.000000
-0.894427 0.000000 0.447214
-0.894427 0.000000 0.447214
-0.894427 0.000000 0.447214
0.894427 0.000000 0.447214
0.894427 0.000000 0.447214
0.894427 0.000000 0.447214
0.000000 0.000000 -1.000000
0.000000 0.000000 -1.000000
0.000000 0.000000 -1.000000
0.000000 0.000000 -1.000000
0.000000 0.000000 -1.000000
0.000000 0.000000 -1.000000
0.000000 0.998687 0.051236
0.000000 0.994148 0.108024
0.000000 0.988273 0.152697
0.000000 0.988273 0.152697
0.000000 0.994148 0.108024
0.000000 0.988273 0.152697
0.000000 0.988273 0.152697
0.000000 0.988273 0.152697
0.000000 0.988273 0.152697
0.000000 0.988273 0.152697
0.000000 0.988273 0.152697
0.000000 0.988273 0.152697
0.000000 0.988273 0.152697
0.000000 0.988273 0.152697
-0.000000 0.988273 0.152697
0.000000 0.988273 0.152697
-0.000000 0.988273 0.152697
-0.000000 0.988273 0.152697
0.000000 0.988273 0.152697
0.000000 0.988273 0.152697
0.000000 0.988273 0.152697
0.000000 0.988273 0.152697
0.000000 0.988273 0.152697
-0.000000 0.988273 0.152697
0.000000 0.988273 0.152697
0.000000 0.988273 0.152697
-0.000000 0.988273 0.152697
-0.000000 0.988273 0.152697
0.000000 0.988273 0.152697
-0.000000 0.988273 0.152697
-0.000000 0.988273 0.152697
-0.000000 0.988273 0.152697
0.000000 0.988273 0.152697
0.000000 0.988273 0.152697
-0.000000 0.988273 0.152697
0.000000 0.988273 0.152697
0.000000 0.988273 0.152697
0.000000 0.988273 0.152697
0.000000 0.988273 0.152697
0.000000 0.988273 0.152697
0.000000 0.988273 0.152697
0.000000 0.988273 0.152697
0.000000 0.988273 0.152697
-0.000000 0.988273 0.152697
0.000000 0.988273 0.152697
0.000000 0.988273 0.152697
-0.000000 0.988273 0.152697
0.000000 0.988273 0.152697
-0.000000 0.988273 0.152697
0.000000 0.988273 0.152697
0.000000 0.988273 0.152697
0.000000 0.988273 0.152697
0.000000 0.988273 0.152697
0.000000 0.988273 0.152697
0.000000 0.988273 0.152697
0.000000 0.988273 0.152697
-0.000000 0.988273 0.152697
-0.000000 0.988273 0.152697
0.000000 0.988273 0.152697
0.000000 0.988273 0.152697
-0.000000 0.988273 0.152697
0.000000 0.988273 0.152697
-0.000000 0.988273 0.152697
-0.000000 0.988273 0.152697
0.000000 0.988273 0.152697
0.000000 0.988273 0.152697
-0.000000 0.988273 0.152697
0.000000 0.988273 0.152697
0.000000 0.988273 0.152697
0.000000 0.988273 0.152697
0.000000 0.988273 0.152697
0.000000 0.988273 0.152697
0.000000 0.988273 0.152697
0.000000 0.988273 0.152697
0.000000 0.988273 0.152697
-0.000000 0.988273 0.152697
-0.000000 0.988273 0.152697
-0.000000 0.988273 0.152697
-0.000000 0.988273 0.152697
-0.000000 0.988273 0.152697
0.000000 0.988273 0.152697
-0.000000 0.988273 0.152697
0.000000 0.988273 0.152697
0.000000 0.994148 0.108024
0.000000 0.994148 0.108024
0.000000 0.998687 0.051236
-0.000000 0.988273 0.152697
0.000000 0.988273 0.152697
0.000000 0.988273 0.152697
-0.000000 0.988273 0.152697
0.000000 0.998687 0.051236
0.000000 0.998687 0.051236
0.000000 0.988273 0.152697
</float_array>
          <technique_common>
            <accessor source="#Layer_0-Normal0-array" count="450" stride="3">
              <param name="X" type="float"/>
              <param name="Y" type="float"/>
              <param name="Z" type="float"/>
            </accessor>
          </technique_common>
        </source>
        <source id="Layer_0-UV0">
          <float_array id="Layer_0-UV0-array" count="464">
0.345491 0.147300
0.207295 0.206220
0.500000 0.705400
0.792705 0.206220
0.654508 0.147300
0.500000 0.410799
0.788849 0.378781
0.864266 0.378781
0.825032 0.445691
0.749615 0.445691
0.710380 0.512601
0.785798 0.512601
0.746563 0.579511
0.671146 0.579511
0.631912 0.646421
0.707329 0.646421
0.500000 1.000000
0.292671 0.646421
0.368088 0.646421
0.328854 0.579511
0.253436 0.579511
0.214202 0.512601
0.289620 0.512601
0.250385 0.445691
0.174968 0.445691
0.135734 0.378781
0.211151 0.378781
0.171917 0.311871
0.096500 0.311871
0.000000 0.147300
0.345491 0.000000
0.432877 0.075277
0.500000 0.000000
0.567123 0.075277
0.654508 0.000000
1.000000 0.147300
0.903500 0.311871
0.828083 0.311871
0.345492 1.000000
0.000000 1.000000
0.345492 0.000000
0.432877 0.511044
0.500000 0.000000
0.567123 0.511044
0.654509 0.000000
1.000000 1.000000
0.654509 1.000000
1.000000 1.000000
0.000000 1.000000
0.000000 0.000000
1.000000 0.000000
1.000000 0.000000
0.000000 0.892292
0.000000 0.000000
1.000000 0.000000
1.000000 1.000000
0.000000 1.000000
0.000000 0.000000
1.000000 0.000000
1.000000 0.000000
0.879291 1.000000
0.000000 1.000000
0.000000 0.000000
1.000000 1.000000
0.000000 1.000000
0.000000 0.000000
1.000000 0.000000
1.000000 0.000000
0.862720 1.000000
0.000000 1.000000
0.000000 0.000000
1.000000 1.000000
0.000000 1.000000
0.000000 0.000000
1.000000 0.000000
1.000000 0.000000
0.840876 1.000000
0.000000 1.000000
0.000000 0.000000
0.000000 1.000000
0.000000 0.000000
1.000000 0.000000
1.000000 1.000000
1.000000 0.000000
1.000000 1.000000
0.000000 1.000000
0.000000 0.000000
0.000000 1.000000
0.000000 0.000000
1.000000 0.000000
1.000000 1.000000
1.000000 0.000000
1.000000 1.000000
0.000000 1.000000
0.000000 0.000000
0.000000 1.000000
0.000000 0.000000
1.000000 0.000000
1.000000 1.000000
1.000000 0.000000
1.000000 1.000000
0.000000 1.000000
0.000000 0.000000
1.000000 1.000000
0.000000 0.807000
0.000000 0.000000
1.000000 0.000000
1.000000 1.000000
0.000000 1.000000
0.000000 0.000000
1.000000 0.000000
1.000000 0.000000
0.902765 1.000000
0.000000 1.000000
0.000000 0.000000
1.000000 0.000000
0.690983 1.000000
0.000000 1.000000
0.000000 0.000000
0.628864 1.000000
0.000000 0.000000
1.000000 0.000000
1.000000 1.000000
1.000000 0.000000
0.371136 1.000000
0.000000 1.000000
0.000000 0.000000
1.000000 0.000000
0.930902 1.000000
0.000000 1.000000
0.000000 0.000000
1.000000 0.807000
0.000000 1.000000
0.000000 0.000000
1.000000 0.000000
1.000000 1.000000
0.000000 1.000000
0.000000 0.000000
1.000000 0.000000
0.097235 1.000000
0.000000 0.000000
1.000000 0.000000
1.000000 1.000000
0.309017 1.000000
0.000000 0.000000
1.000000 0.000000
1.000000 1.000000
0.069098 1.000000
0.000000 0.000000
1.000000 0.000000
1.000000 1.000000
1.000000 1.000000
0.000000 1.000000
0.000000 0.000000
1.000000 0.000000
1.000000 0.892292
0.000000 0.000000
0.000000 0.000000
1.000000 0.000000
1.000000 1.000000
0.000000 1.000000
0.000000 0.000000
1.000000 0.000000
0.120709 1.000000
-0.000000 0.000000
1.000000 0.000000
1.000000 1.000000
1.000000 1.000000
0.000000 1.000000
0.000000 0.000000
1.000000 0.000000
0.137280 1.000000
0.000000 0.000000
1.000000 0.000000
1.000000 1.000000
1.000000 1.000000
0.000000 1.000000
0.000000 0.000000
1.000000 0.000000
0.159124 1.000000
0.000000 0.000000
1.000000 0.000000
1.000000 1.000000
1.000000 1.000000
0.000000 1.000000
0.000000 0.000000
1.000000 0.000000
1.000000 1.000000
0.000000 0.000000
1.000000 0.000000
1.000000 0.000000
0.000000 1.000000
0.000000 0.000000
1.000000 1.000000
0.000000 1.000000
0.000000 0.000000
1.000000 0.000000
1.000000 0.000000
0.903500 0.193000
0.171917 0.807000
0.211151 0.728532
0.135734 0.728532
0.174968 0.650064
0.250385 0.650064
0.710380 0.428405
0.214202 0.571595
0.253436 0.493127
0.671146 0.506873
0.368088 0.414659
0.292671 0.414659
0.500000 0.000000
0.707329 0.414659
0.368088 0.585341
0.671146 0.493127
0.746564 0.493127
0.785798 0.571595
0.710380 0.571595
0.749615 0.650064
0.825032 0.650064
0.864266 0.728532
0.211151 0.271468
0.171917 0.193000
0.096500 0.193000
0.000000 0.000000
0.345491 0.000000
0.207295 0.069098
0.500000 0.654509
0.792705 0.069098
0.654509 0.000000
0.000000 0.000000
1.000000 0.000000
0.500000 1.000000
</float_array>
          <technique_common>
            <accessor source="#Layer_0-UV0-array" count="232" stride="2">
              <param name="S" type="float"/>
              <param name="T" type="float"/>
            </accessor>
          </technique_common>
        </source>
        <vertices id="Layer_0-VERTEX">
          <input semantic="POSITION" source="#Layer_0-POSITION"/>
        </vertices>
        <triangles count="150" material="_09 - Default"><input semantic="VERTEX" offset="0" source="#Layer_0-VERTEX"/><input semantic="NORMAL" offset="1" source="#Layer_0-Normal0"/><input semantic="TEXCOORD" offset="2" set="0" source="#Layer_0-UV0"/><p> 1 0 1 30 1 30 0 2 0 0 3 0 30 4 30 31 5 31 0 6 0 31 7 31 5 8 5 5 9 5 31 10 31 33 11 33 5 12 5 33 13 33 4 14 4 4 15 4 33 16 33 34 17 34 4 18 4 34 19 34 3 20 3 3 21 3 34 22 34 35 23 35 3 24 3 35 25 35 36 26 36 2 27 2 22 28 22 1 29 1 1 30 1 22 31 22 23 32 23 1 33 1 23 34 23 26 35 26 26 36 26 23 37 23 24 38 24 26 39 26 24 40 24 25 41 25 3 42 3 10 43 10 2 44 2 2 45 2 10 46 10 13 47 13 2 48 2 13 49 13 14 50 14 7 51 7 8 52 8 6 53 6 6 54 6 8 55 8 9 56 9 6 57 6 9 58 9 3 59 3 3 60 3 9 61 9 10 62 10 11 63 11 12 64 12 10 65 10 10 66 10 12 67 12 13 68 13 15 69 15 16 70 16 14 71 14 14 72 14 16 73 16 2 74 2 17 75 17 18 76 18 16 77 16 16 78 16 18 79 18 2 80 2 18 81 18 19 82 19 2 83 2 2 84 2 19 85 19 22 86 22 19 87 19 20 88 20 22 89 22 22 90 22 20 91 20 21 92 21 26 93 26 27 94 27 1 95 1 1 96 1 27 97 27 28 98 28 1 99 1 28 100 28 29 101 29 29 102 29 30 103 30 1 104 1 31 105 31 32 106 32 33 107 33 36 108 36 37 109 37 3 110 3 3 111 3 37 112 37 6 113 6 39 114 39 41 115 41 38 116 38 38 117 38 41 118 41 43 119 43 38 120 38 43 121 43 46 122 46 46 123 46 43 124 43 45 125 45 45 126 45 43 127 43 44 128 44 39 129 39 40 130 40 41 131 41 41 132 41 42 133 42 43 134 43 47 135 47 48 136 48 6 137 50 6 138 50 48 139 48 7 140 49 48 141 51 49 142 52 7 143 54 7 144 54 49 145 52 8 146 53 49 147 55 50 148 56 8 149 58 8 150 58 50 151 56 9 152 57 50 153 59 51 154 60 9 155 62 9 156 62 51 157 60 10 158 61 51 159 63 52 160 64 10 161 66 10 162 66 52 163 64 11 164 65 52 165 67 53 166 68 11 167 70 11 168 70 53 169 68 12 170 69 53 171 71 54 172 72 12 173 74 12 174 74 54 175 72 13 176 73 54 177 75 55 178 76 13 179 78 13 180 78 55 181 76 14 182 77 45 183 79 44 184 80 29 185 82 29 186 82 44 187 80 30 188 81 44 189 83 43 190 84 30 191 86 30 192 86 43 193 84 31 194 85 43 195 87 42 196 88 31 197 90 31 198 90 42 199 88 32 200 89 42 201 91 41 202 92 32 203 94 32 204 94 41 205 92 33 206 93 41 207 95 40 208 96 33 209 98 33 210 98 40 211 96 34 212 97 40 213 99 39 214 100 34 215 102 34 216 102 39 217 100 35 218 101 39 219 103 56 220 104 35 221 106 35 222 106 56 223 104 36 224 105 56 225 107 57 226 108 36 227 110 36 228 110 57 229 108 37 230 109 57 231 111 47 232 112 37 233 114 37 234 114 47 235 112 6 236 113 38 237 115 58 238 116 4 239 118 4 240 118 58 241 116 5 242 117 60 243 120 3 244 121 59 245 119 59 246 119 3 247 121 2 248 122 61 249 123 59 250 124 1 251 126 1 252 126 59 253 124 2 254 125 46 255 127 61 256 128 0 257 130 0 258 130 61 259 128 1 260 129 45 261 132 29 262 133 62 263 131 62 264 131 29 265 133 28 266 134 63 267 135 62 268 136 27 269 138 27 270 138 62 271 136 28 272 137 63 273 140 27 274 141 64 275 139 64 276 139 27 277 141 26 278 142 46 279 144 0 280 145 58 281 143 58 282 143 0 283 145 5 284 146 38 285 148 4 286 149 60 287 147 60 288 147 4 289 149 3 290 150 65 291 151 64 292 152 25 293 154 25 294 154 64 295 152 26 296 153 65 297 156 25 298 157 66 299 155 66 300 155 25 301 157 24 302 158 67 303 159 66 304 160 23 305 162 23 306 162 66 307 160 24 308 161 67 309 164 23 310 165 68 311 163 68 312 163 23 313 165 22 314 166 69 315 167 68 316 168 21 317 170 21 318 170 68 319 168 22 320 169 69 321 172 21 322 173 70 323 171 70 324 171 21 325 173 20 326 174 71 327 175 70 328 176 19 329 178 19 330 178 70 331 176 20 332 177 71 333 180 19 334 181 72 335 179 72 336 179 19 337 181 18 338 182 73 339 183 72 340 184 17 341 186 17 342 186 72 343 184 18 344 185 16 345 187 73 346 188 17 347 189 74 348 190 16 349 191 15 350 192 55 351 193 74 352 194 14 353 196 14 354 196 74 355 194 15 356 195 46 357 228 45 358 197 61 359 227 61 360 227 45 361 197 62 362 198 61 363 227 62 364 198 63 365 199 63 366 199 64 367 200 61 368 227 61 369 227 64 370 200 67 371 203 61 372 227 67 373 203 68 374 204 65 375 201 66 376 202 64 377 200 64 378 200 66 379 202 67 380 203 69 381 205 70 382 206 68 383 204 68 384 204 70 385 206 71 386 207 68 387 204 71 388 207 59 389 226 59 390 226 71 391 207 72 392 208 59 393 226 72 394 208 16 395 210 16 396 210 72 397 208 73 398 209 74 399 211 55 400 212 16 401 210 16 402 210 55 403 212 59 404 226 55 405 212 54 406 213 59 407 226 59 408 226 54 409 213 51 410 216 59 411 226 51 412 216 60 413 225 60 414 225 51 415 216 50 416 217 60 417 225 50 418 217 47 419 220 47 420 220 50 421 217 49 422 218 47 423 220 49 424 218 48 425 219 54 426 213 53 427 214 51 428 216 51 429 216 53 430 214 52 431 215 47 432 220 57 433 221 60 434 225 60 435 225 57 436 221 56 437 222 60 438 225 56 439 222 39 440 223 39 441 223 38 442 224 60 443 225 59 444 226 61 445 227 68 446 204 38 447 229 46 448 230 58 449 231</p></triangles>
      </mesh>
    </geometry>
  </library_geometries>
  <library_animations>
    <animation id="Layer_0-anim" name="Layer_0"><animation><source id="Layer_0-Matrix-animation-input"><float_array id="Layer_0-Matrix-animation-input-array" count="101">

0.000000 0.033333 0.066667 0.100000 0.133333 0.166667 0.200000 0.233333 0.266667 0.300000 0.333333 0.366667 0.400000 0.433333 0.466667 0.500000
0.533333 0.566667 0.600000 0.633333 0.666667 0.700000 0.733333 0.766667 0.800000 0.833333 0.866667 0.900000 0.933333 0.966667 1.000000 1.033333
1.066667 1.100000 1.133333 1.166667 1.200000 1.233333 1.266667 1.300000 1.333333 1.366667 1.400000 1.433333 1.466667 1.500000 1.533333 1.566667
1.600000 1.633333 1.666667 1.700000 1.733333 1.766667 1.800000 1.833333 1.866667 1.900000 1.933333 1.966667 2.000000 2.033333 2.066667 2.100000
2.133333 2.166667 2.200000 2.233333 2.266667 2.300000 2.333333 2.366667 2.400000 2.433333 2.466667 2.500000 2.533333 2.566667 2.600000 2.633333
2.666667 2.700000 2.733333 2.766667 2.800000 2.833333 2.866667 2.900000 2.933333 2.966667 3.000000 3.033333 3.066667 3.100000 3.133333 3.166667
3.200000 3.233333 3.266667 3.300000 3.333333</float_array><technique_common><accessor source="#Layer_0-Matrix-animation-input-array" count="101"><param name="TIME" type="float"/></accessor></technique_common></source><source id="Layer_0-Matrix-animation-output-transform"><float_array id="Layer_0-Matrix-animation-output-transform-array" count="1616">

1.000000 0.000000 0.000000 0.000000 0.000000 0.000000 1.000000 1897.542603 0.000000 -1.000000 0.000000 0.000000 0.000000 0.000000 0.000000 1.000000
0.998027 0.062791 0.000000 0.000000 -0.000000 0.000000 1.000000 1897.542603 0.062791 -0.998027 0.000000 0.000000 0.000000 0.000000 0.000000 1.000000
0.992115 0.125333 0.000000 0.000000 -0.000000 0.000000 1.000000 1897.542603 0.125333 -0.992115 0.000000 0.000000 0.000000 0.000000 0.000000 1.000000
0.982287 0.187381 0.000000 0.000000 -0.000000 0.000000 1.000000 1897.542603 0.187381 -0.982287 0.000000 0.000000 0.000000 0.000000 0.000000 1.000000
0.968583 0.248690 0.000000 0.000000 -0.000000 0.000000 1.000000 1897.542603 0.248690 -0.968583 0.000000 0.000000 0.000000 0.000000 0.000000 1.000000
0.951057 0.309017 0.000000 0.000000 -0.000000 0.000000 1.000000 1897.542603 0.309017 -0.951057 0.000000 0.000000 0.000000 0.000000 0.000000 1.000000
0.929776 0.368125 0.000000 0.000000 -0.000000 0.000000 1.000000 1897.542603 0.368125 -0.929776 0.000000 0.000000 0.000000 0.000000 0.000000 1.000000
0.904827 0.425779 0.000000 0.000000 -0.000000 0.000000 1.000000 1897.542603 0.425779 -0.904827 0.000000 0.000000 0.000000 0.000000 0.000000 1.000000
0.876307 0.481754 0.000000 0.000000 -0.000000 0.000000 1.000000 1897.542603 0.481754 -0.876307 0.000000 0.000000 0.000000 0.000000 0.000000 1.000000
0.844328 0.535827 0.000000 0.000000 -0.000000 0.000000 1.000000 1897.542603 0.535827 -0.844328 0.000000 0.000000 0.000000 0.000000 0.000000 1.000000
0.809017 0.587785 0.000000 0.000000 -0.000000 0.000000 1.000000 1897.542603 0.587785 -0.809017 0.000000 0.000000 0.000000 0.000000 0.000000 1.000000
0.770513 0.637424 0.000000 0.000000 -0.000000 0.000000 1.000000 1897.542603 0.637424 -0.770513 0.000000 0.000000 0.000000 0.000000 0.000000 1.000000
0.728969 0.684547 0.000000 0.000000 -0.000000 0.000000 1.000000 1897.542603 0.684547 -0.728969 0.000000 0.000000 0.000000 0.000000 0.000000 1.000000
0.684547 0.728969 0.000000 0.000000 -0.000000 0.000000 1.000000 1897.542603 0.728969 -0.684547 0.000000 0.000000 0.000000 0.000000 0.000000 1.000000
0.637424 0.770513 0.000000 0.000000 -0.000000 0.000000 1.000000 1897.542603 0.770513 -0.637424 0.000000 0.000000 0.000000 0.000000 0.000000 1.000000
0.587785 0.809017 0.000000 0.000000 -0.000000 -0.000000 1.000000 1897.542603 0.809017 -0.587785 0.000000 0.000000 0.000000 0.000000 0.000000 1.000000
0.535827 0.844328 0.000000 0.000000 -0.000000 -0.000000 1.000000 1897.542603 0.844328 -0.535827 0.000000 0.000000 0.000000 0.000000 0.000000 1.000000
0.481754 0.876307 0.000000 0.000000 -0.000000 -0.000000 1.000000 1897.542603 0.876307 -0.481754 0.000000 0.000000 0.000000 0.000000 0.000000 1.000000
0.425779 0.904827 0.000000 0.000000 -0.000000 -0.000000 1.000000 1897.542603 0.904827 -0.425779 0.000000 0.000000 0.000000 0.000000 0.000000 1.000000
0.368124 0.929777 0.000000 0.000000 -0.000000 -0.000000 1.000000 1897.542603 0.929777 -0.368124 0.000000 0.000000 0.000000 0.000000 0.000000 1.000000
0.309017 0.951056 0.000000 0.000000 -0.000000 -0.000000 1.000000 1897.542603 0.951056 -0.309017 0.000000 0.000000 0.000000 0.000000 0.000000 1.000000
0.248690 0.968583 0.000000 0.000000 -0.000000 -0.000000 1.000000 1897.542603 0.968583 -0.248690 0.000000 0.000000 0.000000 0.000000 0.000000 1.000000
0.187381 0.982287 0.000000 0.000000 -0.000000 -0.000000 1.000000 1897.542603 0.982287 -0.187381 0.000000 0.000000 0.000000 0.000000 0.000000 1.000000
0.125333 0.992115 0.000000 0.000000 -0.000000 -0.000000 1.000000 1897.542603 0.992115 -0.125333 0.000000 0.000000 0.000000 0.000000 0.000000 1.000000
0.062791 0.998027 0.000000 0.000000 -0.000000 -0.000000 1.000000 1897.542603 0.998027 -0.062791 0.000000 0.000000 0.000000 0.000000 0.000000 1.000000
0.000000 1.000000 0.000000 0.000000 -0.000000 -0.000000 1.000000 1897.542603 1.000000 -0.000000 0.000000 0.000000 0.000000 0.000000 0.000000 1.000000
-0.062790 0.998027 -0.000000 0.000000 0.000000 0.000000 1.000000 1897.542603 0.998027 0.062790 -0.000000 0.000000 0.000000 0.000000 0.000000 1.000000
-0.125333 0.992115 -0.000000 0.000000 -0.000000 0.000000 1.000000 1897.542603 0.992115 0.125333 -0.000000 0.000000 0.000000 0.000000 0.000000 1.000000
-0.187381 0.982287 -0.000000 0.000000 0.000000 0.000000 1.000000 1897.542603 0.982287 0.187381 -0.000000 0.000000 0.000000 0.000000 0.000000 1.000000
-0.248690 0.968583 -0.000000 0.000000 0.000000 0.000000 1.000000 1897.542603 0.968583 0.248690 -0.000000 0.000000 0.000000 0.000000 0.000000 1.000000
-0.309017 0.951056 -0.000000 0.000000 0.000000 0.000000 1.000000 1897.542603 0.951056 0.309017 -0.000000 0.000000 0.000000 0.000000 0.000000 1.000000
-0.368125 0.929776 -0.000000 0.000000 0.000000 0.000000 1.000000 1897.542603 0.929776 0.368125 -0.000000 0.000000 0.000000 0.000000 0.000000 1.000000
-0.425779 0.904827 -0.000000 0.000000 0.000000 0.000000 1.000000 1897.542603 0.904827 0.425779 -0.000000 0.000000 0.000000 0.000000 0.000000 1.000000
-0.481754 0.876307 -0.000000 0.000000 0.000000 0.000000 1.000000 1897.542603 0.876307 0.481754 -0.000000 0.000000 0.000000 0.000000 0.000000 1.000000
-0.535827 0.844328 -0.000000 0.000000 0.000000 0.000000 1.000000 1897.542603 0.844328 0.535827 -0.000000 0.000000 0.000000 0.000000 0.000000 1.000000
-0.587785 0.809017 -0.000000 0.000000 0.000000 0.000000 1.000000 1897.542603 0.809017 0.587785 -0.000000 0.000000 0.000000 0.000000 0.000000 1.000000
-0.637424 0.770513 -0.000000 0.000000 -0.000000 0.000000 1.000000 1897.542603 0.770513 0.637424 -0.000000 0.000000 0.000000 0.000000 0.000000 1.000000
-0.684547 0.728968 -0.000000 0.000000 0.000000 0.000000 1.000000 1897.542603 0.728968 0.684547 -0.000000 0.000000 0.000000 0.000000 0.000000 1.000000
-0.728969 0.684547 -0.000000 0.000000 -0.000000 0.000000 1.000000 1897.542603 0.684547 0.728969 -0.000000 0.000000 0.000000 0.000000 0.000000 1.000000
-0.770513 0.637424 -0.000000 0.000000 -0.000000 0.000000 1.000000 1897.542603 0.637424 0.770513 -0.000000 0.000000 0.000000 0.000000 0.000000 1.000000
-0.809017 0.587785 -0.000000 0.000000 0.000000 0.000000 1.000000 1897.542603 0.587785 0.809017 -0.000000 0.000000 0.000000 0.000000 0.000000 1.000000
-0.844328 0.535827 -0.000000 0.000000 -0.000000 0.000000 1.000000 1897.542603 0.535827 0.844328 -0.000000 0.000000 0.000000 0.000000 0.000000 1.000000
-0.876307 0.481754 -0.000000 0.000000 0.000000 0.000000 1.000000 1897.542603 0.481754 0.876307 -0.000000 0.000000 0.000000 0.000000 0.000000 1.000000
-0.904827 0.425779 -0.000000 0.000000 -0.000000 0.000000 1.000000 1897.542603 0.425779 0.904827 -0.000000 0.000000 0.000000 0.000000 0.000000 1.000000
-0.929777 0.368124 -0.000000 0.000000 0.000000 0.000000 1.000000 1897.542603 0.368124 0.929777 -0.000000 0.000000 0.000000 0.000000 0.000000 1.000000
-0.951057 0.309017 -0.000000 0.000000 0.000000 0.000000 1.000000 1897.542603 0.309017 0.951057 -0.000000 0.000000 0.000000 0.000000 0.000000 1.000000
-0.968583 0.248690 -0.000000 0.000000 0.000000 0.000000 1.000000 1897.542603 0.248690 0.968583 -0.000000 0.000000 0.000000 0.000000 0.000000 1.000000
-0.982287 0.187381 -0.000000 0.000000 0.000000 0.000000 1.000000 1897.542603 0.187381 0.982287 -0.000000 0.000000 0.000000 0.000000 0.000000 1.000000
-0.992115 0.125333 -0.000000 0.000000 0.000000 0.000000 1.000000 1897.542603 0.125333 0.992115 -0.000000 0.000000 0.000000 0.000000 0.000000 1.000000
-0.998027 0.062790 -0.000000 0.000000 0.000000 0.000000 1.000000 1897.542603 0.062790 0.998027 -0.000000 0.000000 0.000000 0.000000 0.000000 1.000000
-1.000000 0.000000 -0.000000 0.000000 0.000000 0.000000 1.000000 1897.542603 0.000000 1.000000 -0.000000 0.000000 0.000000 0.000000 0.000000 1.000000
-0.998027 -0.062791 0.000000 0.000000 0.000000 0.000000 1.000000 1897.542603 -0.062791 0.998027 -0.000000 0.000000 0.000000 0.000000 0.000000 1.000000
-0.992115 -0.125333 0.000000 0.000000 0.000000 0.000000 1.000000 1897.542603 -0.125333 0.992115 -0.000000 0.000000 0.000000 0.000000 0.000000 1.000000
-0.982287 -0.187381 0.000000 0.000000 -0.000000 0.000000 1.000000 1897.542603 -0.187381 0.982287 -0.000000 0.000000 0.000000 0.000000 0.000000 1.000000
-0.968583 -0.248690 0.000000 0.000000 0.000000 0.000000 1.000000 1897.542603 -0.248690 0.968583 -0.000000 0.000000 0.000000 0.000000 0.000000 1.000000
-0.951056 -0.309017 0.000000 0.000000 0.000000 0.000000 1.000000 1897.542603 -0.309017 0.951056 -0.000000 0.000000 0.000000 0.000000 0.000000 1.000000
-0.929776 -0.368125 0.000000 0.000000 0.000000 0.000000 1.000000 1897.542603 -0.368125 0.929776 -0.000000 0.000000 0.000000 0.000000 0.000000 1.000000
-0.904827 -0.425779 0.000000 0.000000 0.000000 0.000000 1.000000 1897.542603 -0.425779 0.904827 -0.000000 0.000000 0.000000 0.000000 0.000000 1.000000
-0.876307 -0.481754 0.000000 0.000000 0.000000 0.000000 1.000000 1897.542603 -0.481754 0.876307 -0.000000 0.000000 0.000000 0.000000 0.000000 1.000000
-0.844328 -0.535826 0.000000 0.000000 0.000000 0.000000 1.000000 1897.542603 -0.535826 0.844328 -0.000000 0.000000 0.000000 0.000000 0.000000 1.000000
-0.809017 -0.587785 0.000000 0.000000 -0.000000 0.000000 1.000000 1897.542603 -0.587785 0.809017 -0.000000 0.000000 0.000000 0.000000 0.000000 1.000000
-0.770513 -0.637424 0.000000 0.000000 0.000000 0.000000 1.000000 1897.542603 -0.637424 0.770513 -0.000000 0.000000 0.000000 0.000000 0.000000 1.000000
-0.728968 -0.684547 0.000000 0.000000 0.000000 0.000000 1.000000 1897.542603 -0.684547 0.728968 -0.000000 0.000000 0.000000 0.000000 0.000000 1.000000
-0.684547 -0.728969 0.000000 0.000000 0.000000 0.000000 1.000000 1897.542603 -0.728969 0.684547 -0.000000 0.000000 0.000000 0.000000 0.000000 1.000000
-0.637424 -0.770513 0.000000 0.000000 0.000000 0.000000 1.000000 1897.542603 -0.770513 0.637424 -0.000000 0.000000 0.000000 0.000000 0.000000 1.000000
-0.587785 -0.809017 0.000000 0.000000 0.000000 0.000000 1.000000 1897.542603 -0.809017 0.587785 -0.000000 0.000000 0.000000 0.000000 0.000000 1.000000
-0.535827 -0.844328 0.000000 0.000000 0.000000 0.000000 1.000000 1897.542603 -0.844328 0.535827 -0.000000 0.000000 0.000000 0.000000 0.000000 1.000000
-0.481754 -0.876307 0.000000 0.000000 -0.000000 0.000000 1.000000 1897.542603 -0.876307 0.481754 -0.000000 0.000000 0.000000 0.000000 0.000000 1.000000
-0.425779 -0.904827 0.000000 0.000000 0.000000 0.000000 1.000000 1897.542603 -0.904827 0.425779 -0.000000 0.000000 0.000000 0.000000 0.000000 1.000000
-0.368125 -0.929776 0.000000 0.000000 0.000000 0.000000 1.000000 1897.542603 -0.929776 0.368125 -0.000000 0.000000 0.000000 0.000000 0.000000 1.000000
-0.309017 -0.951057 0.000000 0.000000 -0.000000 0.000000 1.000000 1897.542603 -0.951057 0.309017 -0.000000 0.000000 0.000000 0.000000 0.000000 1.000000
-0.248690 -0.968583 0.000000 0.000000 0.000000 0.000000 1.000000 1897.542603 -0.968583 0.248690 -0.000000 0.000000 0.000000 0.000000 0.000000 1.000000
-0.187381 -0.982287 0.000000 0.000000 -0.000000 0.000000 1.000000 1897.542603 -0.982287 0.187381 -0.000000 0.000000 0.000000 0.000000 0.000000 1.000000
-0.125333 -0.992115 0.000000 0.000000 0.000000 0.000000 1.000000 1897.542603 -0.992115 0.125333 -0.000000 0.000000 0.000000 0.000000 0.000000 1.000000
-0.062791 -0.998027 0.000000 0.000000 0.000000 0.000000 1.000000 1897.542603 -0.998027 0.062791 -0.000000 0.000000 0.000000 0.000000 0.000000 1.000000
-0.000000 -1.000000 0.000000 0.000000 0.000000 0.000000 1.000000 1897.542603 -1.000000 0.000000 -0.000000 0.000000 0.000000 0.000000 0.000000 1.000000
